Platform,Currency,Date,Start balance,End balance,Investments,Redemption payments,Interest payments,Late fee payments,Total income
Estateguru,EUR,2018-09-04,4.87,5.29,0.0,0.0,0.42,0.0,0.42
Estateguru,EUR,2018-09-05,5.289999999999999,33.19,0.0,26.36,1.54,0.0,1.54
Estateguru,EUR,2018-09-10,33.19,33.63,0.0,0.0,0.44,0.0,0.44
Estateguru,EUR,2018-09-11,33.63,34.55,0.0,0.0,0.92,0.0,0.92
Estateguru,EUR,2018-09-12,34.55,35.01,0.0,0.0,0.46,0.0,0.46
Estateguru,EUR,2018-09-17,35.01,37.73,-50.0,50.0,2.72,0.0,2.72
Estateguru,EUR,2018-09-18,37.73,41.7,0.0,2.14,1.82,0.01,1.83
Estateguru,EUR,2018-09-21,41.7,42.16,0.0,0.0,0.46,0.0,0.46
Estateguru,EUR,2018-09-27,42.16,42.62,0.0,0.0,0.46,0.0,0.46
Estateguru,EUR,2018-09-28,42.62,43.08,0.0,0.0,0.46,0.0,0.46
Estateguru,EUR,2018-09-29,43.08000000000001,43.56,0.0,0.0,0.48,0.0,0.48
Estateguru,EUR,2018-11-02,43.56,3.95,-50.0,8.59,1.8,0.0,1.8
Estateguru,EUR,2018-11-06,3.95,4.35,0.0,0.0,0.4,0.0,0.4
Estateguru,EUR,2018-11-07,4.35,29.96,0.0,25.0,0.61,0.0,0.61
Estateguru,EUR,2018-11-08,29.96,30.65,0.0,0.0,0.69,0.0,0.69
Estateguru,EUR,2018-11-09,30.65,30.88,0.0,0.0,0.23,0.0,0.23
Estateguru,EUR,2018-11-13,30.88,31.34,0.0,0.0,0.46,0.0,0.46
Estateguru,EUR,2018-11-14,31.34,32.26,0.0,0.0,0.92,0.0,0.92
Estateguru,EUR,2018-11-15,32.26,32.72,0.0,0.0,0.46,0.0,0.46
Estateguru,EUR,2018-11-20,32.72,33.17,0.0,0.0,0.45,0.0,0.45
Estateguru,EUR,2018-11-22,33.17,34.33,0.0,0.0,1.15,0.01,1.16
Estateguru,EUR,2018-11-23,34.33,87.19,0.0,50.0,2.86,0.0,2.86
Estateguru,EUR,2018-11-27,87.19000000000004,87.65,0.0,0.0,0.46,0.0,0.46
Estateguru,EUR,2018-11-28,87.65,90.43,0.0,0.0,2.78,0.0,2.78
Estateguru,EUR,2018-11-30,90.43,90.87,0.0,0.0,0.44,0.0,0.44
Estateguru,EUR,2018-12-03,90.87,91.33,0.0,0.0,0.46,0.0,0.46
Estateguru,EUR,2018-12-05,91.33,41.33,-50.0,0.0,0.0,0.0,0.0
Estateguru,EUR,2018-12-07,41.33,41.54,0.0,0.0,0.21,0.0,0.21
Estateguru,EUR,2018-12-10,41.54,42.46,0.0,0.0,0.92,0.0,0.92
Estateguru,EUR,2018-12-11,42.46,42.69,0.0,0.0,0.23,0.0,0.23
Estateguru,EUR,2018-12-12,42.69,43.15,0.0,0.0,0.46,0.0,0.46
Estateguru,EUR,2018-12-14,43.15,43.67,0.0,0.0,0.52,0.0,0.52
Estateguru,EUR,2018-12-17,43.67,44.89,0.0,0.0,1.22,0.0,1.22
Estateguru,EUR,2018-12-18,44.89,53.52,0.0,7.91,0.72,0.0,0.72
Estateguru,EUR,2018-12-19,53.52,5.92,-50.0,0.0,2.4000000000000004,0.0,2.4000000000000004
Estateguru,EUR,2018-12-20,5.920000000000003,32.46,-50.0,70.97,5.57,0.0,5.57
Estateguru,EUR,2018-12-21,32.46,35.5,0.0,2.39,0.65,0.0,0.65
Estateguru,EUR,2018-12-27,35.5,36.82,0.0,0.0,1.32,0.0,1.32
Estateguru,EUR,2018-12-28,36.82,41.47,0.0,3.81,0.84,0.0,0.84
Estateguru,EUR,2018-12-31,41.47,43.75,0.0,2.08,0.2,0.0,0.2
